0 1.1547 0 1.1547 0 1.1547
0.000681431 1.1504 0.000181358 1.15032 4.55147e-05 1.15021
0.00136829 1.14613 0.00036416 1.14597 9.1392e-05 1.14575
0.00206058 1.14188 0.000548408 1.14164 0.000137632 1.14132
0.0027583 1.13767 0.0007341 1.13735 0.067109 1.30686
0.00346145 1.13349 0.000921238 1.13308 0.0668912 1.30173
0.00417003 1.12934 0.00110982 1.12885 0.0666754 1.29665
0.00488404 1.12521 0.00129985 1.12464 0.132494 1.35885
0.00560348 1.12112 0.00149132 1.12046 0.132023 1.35355
0.00632835 1.11706 0.00168424 1.11632 0.131555 1.34828
0.00705865 1.11302 0.0018786 1.1122 0.196147 1.3916
0.00779437 1.10902 0.00207441 1.10811 0.195432 1.3862
0.00853553 1.10504 0.00227167 1.10404 0.194723 1.38083
0.00928212 1.1011 0.259817 1.41404 0.258018 1.41344
0.0100341 1.09718 0.259015 1.40864 0.25707 1.40799
0.0107916 1.0933 0.258221 1.40327 0.256129 1.40258
0.0115545 1.08944 0.257434 1.39794 0.318061 1.42768
0.0123228 1.08561 0.256656 1.39265 0.316891 1.42222
0.0130965 1.08181 0.255884 1.38738 0.31573 1.41678
0.0138757 1.07804 0.255121 1.38216 0.376236 1.43608
0.0146603 1.0743 0.254365 1.37697 0.374855 1.43062
0.0154503 1.07059 0.253617 1.37181 0.373483 1.42519
0.0162457 1.06691 0.252876 1.36669 0.432505 1.43969
0.0170466 1.06326 0.252144 1.3616 0.430923 1.43426
0.0178529 1.05963 0.251418 1.35655 0.429353 1.42886
0.0186647 1.05604 0.250701 1.35153 0.427794 1.4235
0.0194819 1.05247 0.488641 1.43428 0.485065 1.43388
0.0203045 1.04893 0.487034 1.42894 0.483307 1.42853
0.0211325 1.04542 0.485441 1.42364 0.481562 1.42322
0.021966 1.04194 0.483861 1.41838 0.537251 1.43001
0.0228049 1.03849 0.482295 1.41316 0.535317 1.42472
0.0236492 1.03506 0.480742 1.40797 0.533397 1.41947
0.0244989 1.03167 0.479202 1.40281 0.587456 1.42306
0.0253541 1.0283 0.477676 1.39769 0.585357 1.41784
0.0262147 1.02496 0.476164 1.39261 0.583273 1.41266
0.0270808 1.02165 0.474664 1.38756 0.635659 1.41335
0.0279522 1.01836 0.473178 1.38255 0.633407 1.40822
0.0288291 1.01511 0.471705 1.37758 0.631171 1.40312
0.0297115 1.01188 0.686855 1.40075 0.681843 1.40116
0.0305992 1.00868 0.684611 1.3957 0.679448 1.39612
0.0314924 1.00551 0.682385 1.39068 0.677072 1.39111
0.032391 1.00237 0.680177 1.3857 0.725993 1.3867
0.0332951 0.999256 0.677988 1.38075 0.723468 1.38177
0.0342046 0.996169 0.675818 1.37584 0.720961 1.37686
0.0351195 0.993109 0.673666 1.37097 0.768099 1.37019
0.0360398 0.990078 0.671533 1.36613 0.765455 1.36537
0.0369656 0.987073 0.669418 1.36133 0.76283 1.36057
0.0378968 0.984097 0.667321 1.35656 0.808154 1.3518
0.0388334 0.981148 0.665243 1.35183 0.805401 1.34709
0.0397755 0.978226 0.663183 1.34713 0.802669 1.34241
0.040723 0.975332 0.661141 1.34247 0.799959 1.33777
0.86684 1.31135 0.849543 1.32534 0.843302 1.32709
0.864553 1.30643 0.846859 1.32075 0.840475 1.32254
0.862292 1.30155 0.844197 1.31619 0.837669 1.31802
0.860056 1.2967 0.841559 1.31166 0.879158 1.30552
0.857845 1.29188 0.838944 1.30717 0.876245 1.30109
0.855659 1.2871 0.836351 1.30271 0.873355 1.2967
0.853499 1.28234 0.833782 1.29829 0.912968 1.28249
0.851363 1.27762 0.831235 1.2939 0.909981 1.2782
0.849252 1.27293 0.82871 1.28955 0.907018 1.27394
0.847166 1.26827 0.826209 1.28523 0.944736 1.25813
0.845105 1.26365 0.82373 1.28094 0.941686 1.25397
0.843069 1.25905 0.821273 1.27669 0.93866 1.24985
0.841058 1.25449 0.981273 1.22898 0.97447 1.23254
0.839071 1.24996 0.9783 1.22489 0.971367 1.22853
0.837109 1.24546 0.975353 1.22084 0.968289 1.22454
0.835171 1.241 0.972432 1.21682 1.00218 1.20584
0.833259 1.23656 0.969538 1.21283 0.999031 1.20196
0.83137 1.23215 0.966671 1.20887 0.995912 1.19812
0.829506 1.22778 0.963829 1.20495 1.02787 1.17811
0.827667 1.22344 0.961014 1.20105 1.02469 1.17438
0.825852 1.21913 0.958226 1.19719 1.02154 1.17068
0.824061 1.21485 0.955463 1.19336 1.05156 1.14945
0.822294 1.2106 0.952726 1.18956 1.04836 1.14586
0.820552 1.20638 0.950016 1.18579 1.04518 1.1423
0.818834 1.20219 0.947332 1.18205 1.04204 1.13878
0.81714 1.19803 1.07686 1.1106 1.07005 1.11649
0.81547 1.19391 1.07379 1.1071 1.06686 1.11308
0.813824 1.18981 1.07074 1.10362 1.0637 1.1097
0.812202 1.18574 1.06772 1.10017 1.08978 1.08636
0.810604 1.18171 1.06473 1.09675 1.08659 1.08309
0.80903 1.1777 1.06177 1.09336 1.08342 1.07985
0.80748 1.17373 1.05884 1.09 1.10756 1.05552
0.805953 1.16978 1.05594 1.08667 1.10438 1.05241
0.804451 1.16587 1.05306 1.08336 1.10122 1.04931
0.802972 1.16198 1.05022 1.08009 1.12343 1.02407
0.801516 1.15813 1.0474 1.07684 1.12026 1.0211
0.800084 1.1543 1.04462 1.07362 1.11711 1.01815
0.798676 1.15051 1.14329 0.983567 1.13739 0.99206
0.797291 1.14674 1.14022 0.980616 1.13424 0.989231
0.79593 1.14301 1.13718 0.977691 1.13112 0.986429
0.794592 1.1393 1.13418 0.974792 1.14948 0.959559
0.793277 1.13562 1.13121 0.971919 1.14635 0.956873
0.791986 1.13198 1.12826 0.969072 1.14326 0.954214
0.790718 1.12836 1.12535 0.96625 1.15971 0.926627
0.789473 1.12477 1.12247 0.963454 1.15662 0.924084
0.788251 1.12121 1.11962 0.960684 1.15357 0.921565
0.787052 1.11768 1.1168 0.957939 1.16811 0.893323
0.785877 1.11418 1.114 0.955219 1.16507 0.89092
0.784724 1.1107 1.11124 0.952525 1.16206 0.888541
0.783594 1.10726 1.10851 0.949856 1.15908 0.886185
1.16985 0.79359 1.17585 0.845942 1.17171 0.857437
1.16686 0.790532 1.17294 0.843553 1.16875 0.855194
1.16391 0.787493 1.17006 0.841186 1.16583 0.852975
1.16099 0.784474 1.16722 0.838842 1.17659 0.823686
1.1581 0.781473 1.16441 0.836519 1.17369 0.821578
1.15524 0.778492 1.16163 0.834219 1.17082 0.819492
1.15242 0.77553 1.15888 0.831941 1.17973 0.789717
1.14962 0.772588 1.15616 0.829684 1.17689 0.78774
1.14685 0.769664 1.15348 0.82745 1.17408 0.785785
1.14412 0.766759 1.15082 0.825238 1.18115 0.755576
1.14142 0.763873 1.1482 0.823047 1.17837 0.753728
1.13874 0.761005 1.1456 0.820879 1.17563 0.751901
1.1361 0.758157 1.18219 0.706796 1.18088 0.721309
1.13349 0.755327 1.17951 0.704905 1.17818 0.719586
1.13091 0.752516 1.17686 0.703032 1.17551 0.717883
1.12836 0.749724 1.17424 0.701178 1.17896 0.686957
1.12584 0.74695 1.17165 0.699342 1.17634 0.685356
1.12335 0.744194 1.16909 0.697524 1.17375 0.683773
1.12089 0.741457 1.16656 0.695725 1.17541 0.65256
1.11846 0.738739 1.16407 0.693944 1.17287 0.651077
1.11606 0.736038 1.1616 0.692182 1.17036 0.649611
1.11369 0.733356 1.15917 0.690438 1.17027 0.618157
1.11135 0.730692 1.15677 0.688711 1.16781 0.616787
1.10904 0.728047 1.1544 0.687003 1.16538 0.615435
1.10677 0.725419 1.15206 0.685313 1.16299 0.614098
1.10451 0.722809 1.15866 0.564788 1.16119 0.582523
1.10229 0.720218 1.1563 0.563355 1.15885 0.581279
1.1001 0.717644 1.15397 0.561938 1.15654 0.58005
1.09794 0.715088 1.15166 0.560535 1.15303 0.548317
1.09581 0.71255 1.14939 0.559147 1.15079 0.547178
1.09371 0.710029 1.14715 0.557773 1.14857 0.546053
1.09163 0.707526 1.14494 0.556414 1.14338 0.514202
1.08959 0.705041 1.14276 0.555069 1.14122 0.513162
1.08757 0.702574 1.14061 0.553739 1.1391 0.512137
1.08558 0.700124 1.1385 0.552423 1.13225 0.480207
1.08363 0.697691 1.13641 0.551122 1.13019 0.479263
1.0817 0.695276 1.13435 0.549835 1.12816 0.478332
1.0798 0.692878 1.11233 0.425682 1.11968 0.44636
1.07792 0.690497 1.11029 0.424626 1.11772 0.445507
1.07608 0.688133 1.10829 0.42358 1.11579 0.444666
1.07427 0.685787 1.10632 0.422546 1.1057 0.412688
1.07248 0.683458 1.10437 0.421523 1.10384 0.411922
1.07072 0.681145 1.10245 0.42051 1.10201 0.411166
1.06899 0.67885 1.10057 0.419509 1.09035 0.379215
1.06729 0.676572 1.09871 0.418518 1.08859 0.378531
1.06562 0.67431 1.09688 0.417537 1.08685 0.377856
1.06397 0.672065 1.09508 0.416568 1.07365 0.345965
1.06235 0.669837 1.0933 0.415609 1.07198 0.345357
1.06076 0.667626 1.09156 0.414661 1.07035 0.344758
1.0592 0.665431 1.08985 0.413724 1.06874 0.344168
0.956068 0.197507 1.04087 0.288814 1.05407 0.312422
0.953633 0.195929 1.03921 0.28807 1.05253 0.311894
0.951222 0.194356 1.03758 0.287334 1.05101 0.311374
0.948836 0.192787 1.03597 0.286604 1.03487 0.279745
0.946473 0.191222 1.03439 0.285883 1.03342 0.279283
0.944134 0.189662 1.03284 0.285168 1.03201 0.278828
0.94182 0.188105 1.03131 0.28446 1.01441 0.247343
0.939528 0.186553 1.02981 0.28376 1.01307 0.246942
0.937261 0.185005 1.02834 0.283067 1.01175 0.246548
0.935017 0.183461 1.02689 0.282381 0.992738 0.215234
0.932797 0.181921 1.02547 0.281702 0.991487 0.214889
0.9306 0.180385 1.02408 0.28103 0.990262 0.21455
0.928427 0.178853 0.950133 0.157422 0.969871 0.183431
0.926276 0.177325 0.948807 0.156906 0.968714 0.183138
0.924149 0.175801 0.947506 0.156394 0.967582 0.18285
0.922046 0.174281 0.946228 0.155886 0.945845 0.151947
0.919965 0.172766 0.944974 0.155382 0.94478 0.151701
0.917907 0.171254 0.943744 0.154881 0.943739 0.151458
0.915872 0.169745 0.942538 0.154385 0.92069 0.120793
0.91386 0.168241 0.941356 0.153892 0.919715 0.120589
0.911871 0.166741 0.940198 0.153403 0.918762 0.120387
0.909904 0.165244 0.939063 0.152917 0.894438 0.0899783
0.90796 0.163751 0.937951 0.152436 0.893549 0.089811
0.906038 0.162262 0.936863 0.151958 0.892683 0.0896459
0.904139 0.160777 0.935799 0.151484 0.891839 0.0894831
0.902262 0.159296 0.839231 0.0311116 0.866315 0.0593747
0.900408 0.157818 0.83823 0.0307509 0.865532 0.0592413
0.898575 0.156344 0.83725 0.030391 0.864771 0.0591094
0.896765 0.154873 0.836291 0.0300317 0.838043 0.0292846
0.894976 0.153406 0.835352 0.0296731 0.83734 0.0291784
0.89321 0.151943 0.834434 0.0293152 0.836658 0.0290728
0.891466 0.150483 0.833537 0.028958 0.808765 -0.000456528
0.889743 0.149027 0.832659 0.0286015 0.808138 -0.000540183
0.888042 0.147575 0.831803 0.0282456 0.807532 -0.000623859
0.886363 0.146126 0.830966 0.0278904 0.778512 -0.0298487
0.884705 0.14468 0.83015 0.0275359 0.777958 -0.0299142
0.883069 0.143238 0.829354 0.027182 0.777424 -0.0299804
0.881454 0.141799 0.712699 -0.0888582 0.747315 -0.0588947
0.87986 0.140364 0.711951 -0.0891379 0.746831 -0.0589463
0.878288 0.138932 0.71122 -0.0894198 0.746364 -0.0589994
0.876736 0.137503 0.710506 -0.0897039 0.715208 -0.0876006
0.875206 0.136078 0.709809 -0.0899901 0.714788 -0.0876426
0.873697 0.134656 0.70913 -0.0902784 0.714385 -0.0876867
0.872209 0.133238 0.708467 -0.0905689 0.682221 -0.115976
0.870741 0.131823 0.707821 -0.0908615 0.681862 -0.116013
0.869295 0.130411 0.707191 -0.0911562 0.681519 -0.116052
0.867869 0.129002 0.706579 -0.0914531 0.648388 -0.144035
0.866464 0.127596 0.705983 -0.0917521 0.648085 -0.14407
0.865079 0.126194 0.705404 -0.0920532 0.647797 -0.144109
0.863714 0.124794 0.704842 -0.0923564 0.647523 -0.144151
0.380873 -0.376966 0.570958 -0.203635 0.61349 -0.171835
0.378959 -0.378485 0.570414 -0.203906 0.613251 -0.171877
0.377054 -0.380013 0.569883 -0.204181 0.613028 -0.171922
0.375159 -0.381549 0.569365 -0.204461 0.578109 -0.199332
0.373272 -0.383093 0.56886 -0.204745 0.577916 -0.199381
0.371395 -0.384646 0.568369 -0.205035 0.577737 -0.199434
0.369526 -0.386208 0.56789 -0.205328 0.541977 -0.226595
0.367667 -0.387778 0.567425 -0.205627 0.541825 -0.226654
0.365816 -0.389356 0.566973 -0.20593 0.541685 -0.226718
0.363974 -0.390943 0.566533 -0.206238 0.505128 -0.253665
0.36214 -0.392538 0.566107 -0.20655 0.505011 -0.253739
0.360316 -0.394142 0.565694 -0.206867 0.504906 -0.253818
0.3585 -0.395754 0.417654 -0.314661 0.467596 -0.280599
0.356692 -0.397374 0.417224 -0.314986 0.467509 -0.28069
0.354893 -0.399003 0.416804 -0.315318 0.467433 -0.280787
0.353103 -0.40064 0.416393 -0.315657 0.429417 -0.307465
0.351321 -0.402285 0.415992 -0.316003 0.429355 -0.307578
0.349548 -0.403939 0.415599 -0.316355 0.429303 -0.307698
0.347783 -0.405601 0.415217 -0.316715 0.390626 -0.334358
0.346026 -0.407271 0.414843 -0.317081 0.390583 -0.334495
0.344277 -0.40895 0.414479 -0.317454 0.39055 -0.33464
0.342537 -0.410637 0.414124 -0.317834 0.35126 -0.361397
0.340804 -0.412332 0.413778 -0.318221 0.351231 -0.361563
0.33908 -0.414035 0.413441 -0.318614 0.351211 -0.361737
0.337364 -0.415747 0.413113 -0.319014 0.351198 -0.361919
0.335656 -0.417467 0.254193 -0.428886 0.311336 -0.388944
0.333956 -0.419195 0.253807 -0.429354 0.311324 -0.389151
0.332264 -0.420931 0.253427 -0.429831 0.311318 -0.389367
0.33058 -0.422675 0.253052 -0.430317 0.270935 -0.416864
0.328903 -0.424428 0.252683 -0.430812 0.270926 -0.417108
0.327234 -0.426188 0.252319 -0.431315 0.270922 -0.417361
0.325573 -0.427957 0.251961 -0.431828 0.230068 -0.445648
0.32392 -0.429734 0.251609 -0.43235 0.230055 -0.445934
0.322274 -0.431519 0.251262 -0.43288 0.230048 -0.446228
0.320636 -0.433312 0.25092 -0.433419 0.188773 -0.475787
0.319005 -0.435114 0.250583 -0.433967 0.188753 -0.47612
0.317382 -0.436923 0.250252 -0.434523 0.188736 -0.476462
0.315766 -0.43874 0.0840387 -0.603732 0.147091 -0.50809
0.314158 -0.440566 0.0836107 -0.604717 0.147058 -0.508476
0.312557 -0.442399 0.0831846 -0.605714 0.147027 -0.508873
0.310963 -0.444241 0.0827604 -0.606722 0.105064 -0.544065
0.309376 -0.44609 0.0823381 -0.607743 0.105012 -0.544517
0.307797 -0.447948 0.0819178 -0.608775 0.104963 -0.544979
0.306225 -0.449813 0.0814993 -0.609819 0.0627329 -0.587318
0.30466 -0.451687 0.0810828 -0.610875 0.062658 -0.587857
0.303101 -0.453568 0.0806681 -0.611942 0.0625843 -0.588408
0.30155 -0.455458 0.0802553 -0.613021 0.0201414 -0.668262
0.300006 -0.457355 0.0798443 -0.614112 0.0200382 -0.66907
0.298469 -0.45926 0.0794351 -0.615214 0.0199356 -0.66989
0.296938 -0.461173 0.0790278 -0.616327 0.0198333 -0.670723
-0.341397 -0.422753 -0.0908601 -0.601136 -0.0228028 -0.663677
-0.343441 -0.421557 -0.0914042 -0.601009 -0.0229394 -0.663924
-0.345491 -0.420371 -0.0919497 -0.600894 -0.0230763 -0.664184
-0.347546 -0.419193 -0.0924967 -0.60079 -0.0658203 -0.589071
-0.349607 -0.418024 -0.0930451 -0.600698 -0.0659953 -0.589462
-0.351673 -0.416864 -0.0935949 -0.600618 -0.0661715 -0.589865
-0.353744 -0.415713 -0.0941462 -0.600549 -0.108968 -0.548627
-0.355821 -0.414571 -0.094699 -0.600492 -0.109186 -0.549039
-0.357903 -0.413437 -0.0952532 -0.600446 -0.109406 -0.549461
-0.359991 -0.412312 -0.0958088 -0.600412 -0.152199 -0.514876
-0.362084 -0.411195 -0.0963659 -0.600389 -0.152464 -0.515295
-0.364183 -0.410087 -0.0969244 -0.600377 -0.152733 -0.515724
-0.366287 -0.408988 -0.26646 -0.436019 -0.195465 -0.48442
-0.368396 -0.407896 -0.267186 -0.436162 -0.195782 -0.484841
-0.370511 -0.406813 -0.267916 -0.436312 -0.196103 -0.485271
-0.372631 -0.405738 -0.268651 -0.436471 -0.238718 -0.455819
-0.374757 -0.404672 -0.26939 -0.436638 -0.239091 -0.456238
-0.376888 -0.403614 -0.270134 -0.436812 -0.239467 -0.456665
-0.379025 -0.402563 -0.270882 -0.436994 -0.281907 -0.428292
-0.381167 -0.401521 -0.271634 -0.437184 -0.282339 -0.428705
-0.383314 -0.400487 -0.272391 -0.437382 -0.282775 -0.429125
-0.385467 -0.39946 -0.273153 -0.437588 -0.324982 -0.40136
-0.387626 -0.398442 -0.273918 -0.437801 -0.325477 -0.401763
-0.389789 -0.397431 -0.274688 -0.438022 -0.325976 -0.402173
-0.391958 -0.396428 -0.275462 -0.438251 -0.326482 -0.40259
-0.394133 -0.395433 -0.440785 -0.324971 -0.368451 -0.375096
-0.396313 -0.394446 -0.441751 -0.32509 -0.369018 -0.375492
-0.398499 -0.393466 -0.442725 -0.325215 -0.36959 -0.375895
-0.400689 -0.392493 -0.443705 -0.325345 -0.41121 -0.348478
-0.402886 -0.391528 -0.444693 -0.325481 -0.411847 -0.348857
-0.405088 -0.390571 -0.445688 -0.325623 -0.412489 -0.349243
-0.407295 -0.389621 -0.446689 -0.325769 -0.4537 -0.321747
-0.409507 -0.388678 -0.447698 -0.325922 -0.454408 -0.322106
-0.411725 -0.387742 -0.448713 -0.326079 -0.455124 -0.322471
-0.413949 -0.386814 -0.449736 -0.326243 -0.495865 -0.294781
-0.416178 -0.385893 -0.450765 -0.326411 -0.496649 -0.295117
-0.418412 -0.384979 -0.451801 -0.326585 -0.49744 -0.295458
-0.420652 -0.384072 -0.608618 -0.212673 -0.537651 -0.267487
-0.422897 -0.383172 -0.609858 -0.21269 -0.538512 -0.267796
-0.425148 -0.382279 -0.611106 -0.212711 -0.539381 -0.26811
-0.427404 -0.381392 -0.612364 -0.212735 -0.579 -0.239793
-0.429665 -0.380513 -0.613631 -0.212762 -0.57994 -0.240072
-0.431932 -0.37964 -0.614907 -0.212793 -0.580889 -0.240356
-0.434204 -0.378774 -0.616193 -0.212827 -0.619857 -0.211643
-0.436482 -0.377915 -0.617487 -0.212865 -0.620878 -0.21189
-0.438765 -0.377062 -0.61879 -0.212906 -0.621908 -0.21214
-0.441054 -0.376216 -0.620102 -0.21295 -0.660164 -0.182997
-0.443348 -0.375377 -0.621423 -0.212998 -0.661267 -0.183207
-0.445648 -0.374543 -0.622753 -0.213049 -0.66238 -0.18342
-0.447953 -0.373716 -0.624091 -0.213103 -0.663502 -0.183636
-0.955343 0.162355 -0.768469 -0.093068 -0.701048 -0.153991
-0.957847 0.163809 -0.770012 -0.0929279 -0.702245 -0.154164
-0.960365 0.165264 -0.771567 -0.0927893 -0.703452 -0.15434
-0.962895 0.166721 -0.773132 -0.0926522 -0.740163 -0.124218
-0.965439 0.16818 -0.774707 -0.0925166 -0.741445 -0.124348
-0.967995 0.16964 -0.776294 -0.0923825 -0.742736 -0.12448
-0.970565 0.171102 -0.777891 -0.0922499 -0.778552 -0.0938709
-0.973147 0.172565 -0.779498 -0.0921186 -0.779919 -0.0939549
-0.975742 0.17403 -0.781116 -0.0919889 -0.781296 -0.0940402
-0.978349 0.175497 -0.782744 -0.0918605 -0.816155 -0.0629403
-0.980969 0.176965 -0.784383 -0.0917336 -0.817607 -0.062975
-0.983602 0.178435 -0.786032 -0.091608 -0.81907 -0.0630106
-0.986247 0.179907 -0.913708 0.0354994 -0.852913 -0.0314209
-0.988905 0.18138 -0.915548 0.0358501 -0.85445 -0.0314032
-0.991575 0.182856 -0.9174 0.036201 -0.855998 -0.0313861
-0.994258 0.184332 -0.919263 0.0365523 -0.888764 0.000687618
-0.996953 0.185811 -0.921139 0.0369039 -0.890386 0.000760502
-0.99966 0.187291 -0.923026 0.0372558 -0.89202 0.000833357
-1.00238 0.188774 -0.924924 0.037608 -0.923649 0.0333808
-1.00511 0.190258 -0.926835 0.0379606 -0.925355 0.0335119
-1.00786 0.191743 -0.928756 0.0383135 -0.927073 0.0336433
-1.01061 0.193231 -0.93069 0.0386667 -0.957506 0.0666505
-1.01338 0.19472 -0.932634 0.0390203 -0.959296 0.0668425
-1.01616 0.196211 -0.93459 0.0393742 -0.961098 0.0670353
-1.01895 0.197705 -0.936558 0.0397284 -0.962911 0.0672289
-1.02176 0.199199 -1.04379 0.173568 -0.992149 0.10074
-1.02457 0.200696 -1.04592 0.174176 -0.994032 0.100997
-1.0274 0.202195 -1.04806 0.174785 -0.995928 0.101255
-1.03024 0.203695 -1.05022 0.175396 -1.02385 0.13519
-1.03309 0.205198 -1.05239 0.176009 -1.02582 0.135513
-1.03595 0.206702 -1.05457 0.176623 -1.02779 0.135838
-1.03883 0.208209 -1.05676 0.17724 -1.05435 0.170172
-1.04171 0.209717 -1.05897 0.177859 -1.05639 0.170564
-1.04461 0.211227 -1.06119 0.17848 -1.05844 0.170959
-1.04752 0.212739 -1.06341 0.179102 -1.08357 0.205664
-1.05044 0.214253 -1.06566 0.179726 -1.08569 0.206128
-1.05337 0.21577 -1.06791 0.180353 -1.08782 0.206595
-1.05631 0.217288 -1.15086 0.319089 -1.11147 0.241642
-1.05927 0.218808 -1.15324 0.319988 -1.11366 0.24218
-1.06223 0.22033 -1.15563 0.320891 -1.11587 0.242721
-1.06521 0.221855 -1.15803 0.321797 -1.13798 0.278077
-1.0682 0.223381 -1.16045 0.322707 -1.14025 0.278691
-1.0712 0.224909 -1.16288 0.32362 -1.14252 0.279308
-1.07421 0.22644 -1.16531 0.324536 -1.16305 0.314938
-1.07723 0.227973 -1.16777 0.325455 -1.16538 0.31563
-1.08026 0.229507 -1.17023 0.326378 -1.16773 0.316326
-1.0833 0.231044 -1.1727 0.327304 -1.18662 0.352193
-1.08635 0.232583 -1.17519 0.328233 -1.18902 0.352964
-1.08942 0.234124 -1.17769 0.329166 -1.19143 0.35374
-1.09249 0.235667 -1.1802 0.330102 -1.19385 0.354518
-1.19998 0.764823 -1.23567 0.471666 -1.21109 0.390656
-1.2024 0.76737 -1.23826 0.472889 -1.21356 0.391513
-1.20484 0.769925 -1.24085 0.474116 -1.21605 0.392374
-1.20729 0.772487 -1.24346 0.475348 -1.23155 0.428667
-1.20974 0.775056 -1.24608 0.476585 -1.23408 0.429608
-1.21221 0.777632 -1.24871 0.477826 -1.23662 0.430552
-1.21469 0.780216 -1.25136 0.479071 -1.25034 0.466956
-1.21718 0.782807 -1.25401 0.480321 -1.25292 0.46798
-1.21969 0.785405 -1.25668 0.481576 -1.25552 0.469009
-1.2222 0.788011 -1.25936 0.482834 -1.26741 0.505477
-1.22473 0.790623 -1.26205 0.484097 -1.27004 0.506588
-1.22726 0.793243 -1.26475 0.485365 -1.27269 0.507702
-1.22981 0.79587 -1.28983 0.626527 -1.28271 0.544186
-1.23237 0.798503 -1.29254 0.628086 -1.28539 0.545382
-1.23494 0.801144 -1.29527 0.629649 -1.28808 0.546584
-1.23752 0.803792 -1.298 0.631219 -1.29619 0.583031
-1.24011 0.806447 -1.30075 0.632793 -1.29891 0.584315
-1.24271 0.809109 -1.3035 0.634373 -1.30164 0.585604
-1.24532 0.811778 -1.30627 0.635959 -1.30781 0.621963
-1.24794 0.814454 -1.30905 0.63755 -1.31056 0.623335
-1.25057 0.817137 -1.31184 0.639146 -1.31333 0.624712
-1.25321 0.819827 -1.31464 0.640747 -1.31751 0.660927
-1.25586 0.822523 -1.31745 0.642354 -1.3203 0.662387
-1.25853 0.825227 -1.32027 0.643965 -1.3231 0.663853
-1.2612 0.827937 -1.3231 0.645582 -1.32591 0.665324
-1.26388 0.830654 -1.31554 0.783153 -1.32808 0.701416
-1.26657 0.833378 -1.31831 0.785055 -1.33091 0.70297
-1.26927 0.836108 -1.32109 0.786964 -1.33375 0.70453
-1.27198 0.838845 -1.32389 0.788878 -1.33387 0.740364
-1.2747 0.841589 -1.32669 0.790798 -1.33671 0.742006
-1.27743 0.84434 -1.3295 0.792725 -1.33957 0.743654
-1.28017 0.847097 -1.33232 0.794657 -1.33761 0.779169
-1.28292 0.849861 -1.33516 0.796596 -1.34048 0.780899
-1.28568 0.852632 -1.338 0.79854 -1.34335 0.782635
-1.28845 0.855409 -1.34085 0.80049 -1.33929 0.817768
-1.29122 0.858193 -1.34371 0.802445 -1.34216 0.819587
-1.29401 0.860983 -1.34658 0.804407 -1.34504 0.82141
-1.2968 0.86378 -1.30487 0.934177 -1.33886 0.856098
-1.29961 0.866583 -1.30761 0.936406 -1.34174 0.858003
-1.30242 0.869393 -1.31035 0.938642 -1.34462 0.859914
-1.30524 0.872209 -1.31311 0.940884 -1.3363 0.894091
-1.30807 0.875031 -1.31587 0.943132 -1.33917 0.896082
-1.3109 0.87786 -1.31864 0.945386 -1.34206 0.898079
-1.31375 0.880696 -1.32142 0.947647 -1.33157 0.931678
-1.31661 0.883537 -1.32421 0.949914 -1.33444 0.933753
-1.31947 0.886385 -1.32701 0.952187 -1.33732 0.935835
-1.32234 0.88924 -1.32981 0.954466 -1.32466 0.968787
-1.32522 0.8921 -1.33263 0.956752 -1.32752 0.970946
-1.32811 0.894967 -1.33545 0.959043 -1.33039 0.973111
-1.331 0.89784 -1.33828 0.96134 -1.33326 0.975282
-0.895892 1.25634 -1.2615 1.07923 -1.31839 1.00759
-0.897036 1.25959 -1.26412 1.08177 -1.32124 1.00983
-0.898185 1.26285 -1.26674 1.08431 -1.3241 1.01209
-0.899338 1.26612 -1.26938 1.08686 -1.30703 1.0436
-0.900495 1.26939 -1.27202 1.08941 -1.30986 1.04593
-0.901656 1.27267 -1.27466 1.09197 -1.31269 1.04826
-0.902822 1.27596 -1.27732 1.09454 -1.29343 1.07891
-0.903991 1.27926 -1.27998 1.09711 -1.29622 1.08132
-0.905164 1.28256 -1.28265 1.09969 -1.29903 1.08373
-0.906341 1.28587 -1.28532 1.10228 -1.27757 1.11344
-0.907522 1.28919 -1.288 1.10487 -1.28033 1.11592
-0.908707 1.29251 -1.29069 1.10747 -1.2831 1.1184
-0.909895 1.29585 -1.17918 1.20853 -1.25946 1.1471
-0.911086 1.29919 -1.18158 1.21132 -1.26218 1.14965
-0.912282 1.30253 -1.18399 1.21412 -1.2649 1.15221
-0.91348 1.30589 -1.1864 1.21693 -1.23908 1.17981
-0.914682 1.30925 -1.18882 1.21974 -1.24175 1.18244
-0.915887 1.31262 -1.19124 1.22256 -1.24443 1.18506
-0.917095 1.31599 -1.19367 1.22538 -1.21644 1.2115
-0.918306 1.31937 -1.1961 1.22821 -1.21906 1.21418
-0.91952 1.32276 -1.19854 1.23105 -1.22168 1.21688
-0.920737 1.32616 -1.20099 1.23389 -1.19154 1.24205
-0.921957 1.32956 -1.20344 1.23674 -1.1941 1.24481
-0.92318 1.33297 -1.20589 1.23959 -1.19667 1.24756
-0.924405 1.33638 -1.20835 1.24245 -1.19924 1.25033
-0.925633 1.3398 -1.06286 1.32175 -1.16689 1.27421
-0.926863 1.34323 -1.06497 1.32475 -1.16939 1.27703
-0.928096 1.34666 -1.06707 1.32775 -1.1719 1.27985
-0.929331 1.35011 -1.06918 1.33076 -1.13744 1.30231
-0.930568 1.35355 -1.07129 1.33378 -1.13987 1.30519
-0.931807 1.357 -1.07341 1.3368 -1.1423 1.30806
-0.933049 1.36046 -1.07553 1.33983 -1.10576 1.32901
-0.934292 1.36393 -1.07766 1.34286 -1.10812 1.33193
-0.935538 1.3674 -1.07978 1.3459 -1.11048 1.33486
-0.936785 1.37088 -1.08192 1.34894 -1.07188 1.3542
-0.938035 1.37436 -1.08405 1.35199 -1.07415 1.35717
-0.939285 1.37785 -1.08619 1.35504 -1.07643 1.36015
-0.940538 1.38134 -0.909134 1.40675 -1.03581 1.37778
-0.941792 1.38484 -0.910851 1.40987 -1.038 1.3808
-0.943048 1.38835 -0.912571 1.413 -1.0402 1.38382
-0.944304 1.39186 -0.914293 1.41614 -0.997601 1.39965
-0.945563 1.39538 -0.916018 1.41928 -0.999702 1.40271
-0.946822 1.3989 -0.917744 1.42242 -1.00181 1.40577
-0.948083 1.40243 -0.919473 1.42557 -0.957271 1.4197
-0.949344 1.40596 -0.921205 1.42872 -0.959278 1.42279
-0.950607 1.4095 -0.922938 1.43188 -0.961287 1.42588
-0.951871 1.41304 -0.924673 1.43504 -0.914861 1.4378
-0.953135 1.41659 -0.926411 1.43821 -0.916769 1.44092
-0.9544 1.42014 -0.92815 1.44138 -0.91868 1.44404
-0.955666 1.4237 -0.929892 1.44455 -0.920593 1.44717
-0.060954 1.0697 -0.723889 1.46199 -0.872219 1.45698
-0.0598024 1.07143 -0.725155 1.46515 -0.874026 1.46012
-0.0586478 1.07316 -0.726422 1.46832 -0.875836 1.46327
-0.05749 1.0749 -0.72769 1.47149 -0.825674 1.47082
-0.056329 1.07664 -0.72896 1.47467 -0.827374 1.47399
-0.0551648 1.07837 -0.73023 1.47784 -0.829075 1.47715
-0.0539973 1.08011 -0.731501 1.48103 -0.777184 1.48231
-0.0528265 1.08185 -0.732773 1.48421 -0.778773 1.48549
-0.0516524 1.08359 -0.734046 1.4874 -0.780362 1.48866
-0.0504747 1.08533 -0.73532 1.49059 -0.726804 1.49128
-0.0492937 1.08707 -0.736594 1.49379 -0.728278 1.49446
-0.0481091 1.08882 -0.737869 1.49698 -0.729753 1.49764
-0.0469209 1.09056 -0.507416 1.47077 -0.674594 1.49755
-0.0457291 1.0923 -0.508175 1.47385 -0.675949 1.50073
-0.0445336 1.09405 -0.508934 1.47694 -0.677306 1.50391
-0.0433344 1.09579 -0.509694 1.48002 -0.620616 1.50091
-0.0421315 1.09753 -0.510453 1.48311 -0.62185 1.50408
-0.0409247 1.09928 -0.511212 1.4862 -0.623085 1.50725
-0.039714 1.10102 -0.511971 1.4893 -0.564937 1.50111
-0.0384995 1.10277 -0.51273 1.49239 -0.566047 1.50426
-0.037281 1.10451 -0.513489 1.49549 -0.567158 1.50742
-0.0360584 1.10625 -0.514248 1.49859 -0.50763 1.49786
-0.0348318 1.108 -0.515006 1.50169 -0.508613 1.50099
-0.0336011 1.10974 -0.515764 1.5048 -0.509597 1.50412
-0.0323663 1.11148 -0.516521 1.5079 -0.510581 1.50725
-0.0311272 1.11323 -0.266057 1.41928 -0.449623 1.49388
-0.0298839 1.11497 -0.266273 1.42211 -0.450478 1.49698
-0.0286362 1.11671 -0.266487 1.42495 -0.451333 1.50008
-0.0273842 1.11845 -0.266701 1.42779 -0.389157 1.48245
-0.0261278 1.12019 -0.266914 1.43063 -0.38988 1.4855
-0.024867 1.12193 -0.267126 1.43347 -0.390604 1.48855
-0.0236017 1.12367 -0.267338 1.43631 -0.327298 1.46601
-0.0223318 1.1254 -0.267548 1.43915 -0.327888 1.46901
-0.0210573 1.12714 -0.267757 1.44199 -0.328478 1.472
-0.0197781 1.12887 -0.267965 1.44483 -0.264132 1.44355
-0.0184943 1.13061 -0.268173 1.44768 -0.264588 1.44648
-0.0172057 1.13234 -0.268379 1.45052 -0.265044 1.44941
-0.0159123 1.13407 -0.00423494 1.13221 -0.199751 1.4134
-0.0146141 1.1358 -0.00388943 1.13409 -0.200071 1.41624
-0.013311 1.13753 -0.00354261 1.13597 -0.200392 1.41908
-0.0120029 1.13925 -0.00319448 1.13785 -0.134248 1.37236
-0.0106899 1.14098 -0.00284503 1.13972 -0.134432 1.37509
-0.00937179 1.1427 -0.00249423 1.1416 -0.134616 1.37781
-0.00804862 1.14442 -0.00214208 1.14348 -0.0677209 1.31227
-0.00672031 1.14614 -0.00178856 1.14535 -0.0677682 1.31484
-0.00538681 1.14786 -0.00143366 1.14722 -0.0678153 1.3174
-0.00404808 1.14957 -0.00107737 1.1491 -0.000270383 1.14846
-0.00270407 1.15128 -0.000719667 1.15097 -0.000180612 1.15054
-0.00135473 1.15299 -0.00036055 1.15283 -9.04859e-05 1.15262
-4.24216e-16 1.1547 -4.24216e-16 1.1547 -4.24216e-16 1.1547
